<<DATA_INFO>>
START_TIME - 2015/02/01 00:17:38
END_TIME - 2015/02/01 15:33:34
MEASURE_TIME - 54956
LIVE_TIME - 54950
<<END_INFO>>
<<DATA_SPECTRUM>>
0
0
0
0
0
0
0
0
0
0
40243
85622
85388
88521
91935
96901
100366
101417
100724
99010
103394
132725
255046
596592
1170876
1633183
1522314
943792
419473
177777
118062
111133
114208
118623
124495
131900
139245
146990
156233
164564
173767
182674
193201
200525
207601
214226
219787
227207
234431
242825
256150
265227
274964
280235
277456
269002
259644
255258
254389
256945
259322
260253
260374
259425
257219
252549
247825
245150
242243
238782
237056
234963
234043
232297
231570
230414
230344
228586
226518
224200
221756
220815
219043
218167
217483
215909
215468
213967
213766
212632
210199
208681
206920
204176
200983
198089
198084
195661
193764
191161
188385
185565
182792
182285
179505
177695
175157
173824
171319
169437
167807
166796
163624
161828
160840
158837
156956
155025
152990
151069
150059
147943
146504
146451
144332
144076
142469
141814
142012
140950
140775
139127
137266
135215
133373
130945
128842
127055
125415
123837
123058
121867
120597
120597
119705
118801
117940
116969
115519
114319
112788
110419
109059
107950
106463
106129
104658
103936
103006
102772
102453
102141
104019
106852
112304
118756
125031
129866
133072
132014
128786
120982
111807
102268
93654
88376
83752
80074
78387
76754
76484
74866
73842
73502
72727
72110
71307
70524
71192
71169
70848
71580
71459
70150
69764
68760
67866
66476
65953
65121
64878
64271
64229
64950
66698
67816
69145
70904
71376
70300
69790
68345
65619
63313
61373
59209
57245
55490
54086
53375
53075
52491
51632
51867
52080
51872
51800
51922
52093
52183
52063
52744
53565
53961
54165
55128
56093
56120
56680
56864
57155
57331
57151
57718
60094
61840
62766
64162
64361
64145
61990
59382
56496
53378
49803
46888
44864
42963
41849
40964
40361
39927
39404
39757
39512
39387
38738
38456
38396
38603
38132
38509
38158
37959
37944
37817
38333
37410
37061
36989
37151
37207
37041
37035
36470
36978
36496
36635
36343
36509
36357
35923
35669
35744
34765
34623
34641
34376
34145
33841
33554
33397
33088
33336
33008
33436
32710
33236
32612
32415
32777
32056
32428
32071
32183
32072
32327
32239
32508
32595
32486
32798
32787
32928
33432
33033
33238
33173
32921
32740
32281
31636
31280
30889
30510
30294
30294
29969
29662
29582
29723
29476
29462
28904
28880
29068
29107
28989
28860
28962
29289
29448
30234
30305
30851
31986
32519
33315
33602
34159
34177
33997
33905
33068
32287
31581
30825
29983
28826
28443
28157
27256
27332
26821
26930
26554
26506
26382
26542
26472
26269
26519
26420
26478
26237
26180
26086
26133
26266
26074
26312
25944
26374
26077
26039
26225
25990
26309
26763
26738
27117
27599
28378
29526
30774
32585
33616
35464
36946
37808
38724
39042
38524
38198
36806
35444
34282
32777
32123
31236
30794
31009
31543
32746
34071
35579
36959
38308
38909
39308
39466
38666
37445
35225
33598
31563
29647
27746
26611
24706
24421
23112
22372
21728
21620
21130
21275
20891
20858
20666
20762
20507
20368
20421
20388
20261
20035
20303
20105
20007
20301
19967
20301
20064
20177
20132
20065
19920
20166
19885
20126
19732
19685
19454
19266
19268
19093
18905
18888
18976
18691
18595
18776
18562
18591
18579
18312
18742
18138
18539
18309
18548
18368
18373
17991
17990
18065
17798
18083
18153
17960
18171
18135
18284
18345
18614
18693
19176
19212
19583
19699
19260
19611
19509
19182
18960
18651
18224
17935
17515
17206
17347
16612
16765
16528
16498
16397
16308
16498
16508
16451
16485
16851
16722
16730
17086
17174
17638
17674
18029
18173
18118
18722
18712
19076
19477
19798
21041
21517
23104
24529
25963
27842
29470
31221
33095
34898
36453
37739
38746
39887
40984
41242
41486
41640
42003
41941
41969
41386
41636
41243
40948
40792
40318
40315
40128
39696
39805
39968
39794
39921
40170
39608
39886
39815
39476
39564
39544
39265
38745
39157
38827
38710
38424
38395
38216
38301
38320
37956
37963
37952
37995
38111
38061
37323
37606
37404
37049
36635
36744
36069
36410
35694
35627
35287
35191
34986
34779
34366
34191
34237
34138
34313
34459
34225
34600
34704
34522
34843
35151
35971
36267
36966
37604
38137
38996
39281
39899
39924
40212
40142
40322
39308
38854
38274
37150
36747
36009
35134
34316
33426
33135
32258
31966
31708
31304
30582
30239
30172
29796
29709
29256
29157
28847
29031
29171
28982
29098
29497
29531
30104
30560
30937
31431
32014
32259
32115
32064
32242
32185
31606
31314
30535
29833
29040
28352
27787
26601
25724
24809
24077
23490
22799
22423
21448
21246
20738
20676
20217
19960
19900
19544
18965
18729
18417
18661
18137
17706
17413
17213
17406
16667
16492
16158
15973
15961
15495
15472
15386
15171
14775
14801
14257
14338
14181
13882
13882
13634
13524
13286
13247
13130
12993
12909
12662
12999
12654
12796
12608
12624
12348
12287
12479
12698
12270
12638
12306
12424
12383
12300
12511
12438
12507
12339
12507
12458
12628
12402
12673
12585
12687
12563
12542
12687
12713
12790
12744
12788
12889
12934
13212
13354
13288
13696
13772
14020
14217
14670
14741
15347
15422
15595
15612
15851
16037
15771
15794
15785
15660
15354
15363
14901
14486
14314
14048
13988
13651
13653
13273
13362
13165
13099
12884
13046
12894
12960
12787
12855
12784
12806
12693
12785
12832
12752
12301
12735
12502
12568
12466
12393
12441
12316
12236
12426
12406
12193
12100
12108
12270
12089
11987
12123
12002
12215
12203
12102
11970
11878
11843
11774
11775
11746
11692
11663
11579
11528
11560
11598
11531
11559
11325
11113
11444
11142
11464
11169
11282
11235
11088
10950
11055
11018
11189
11036
11139
10839
10827
10836
10378
10224
10078
9703
9516
9429
9038
8881
8729
8403
8322
8130
7809
7714
7424
7265
7260
7060
7243
6993
6670
6699
6618
6530
6444
6261
6398
6149
6170
6145
5882
5807
5621
5573
5624
5405
5315
5242
5193
5072
4940
4907
4703
4705
4617
4602
4484
4394
4362
4314
4240
4163
4158
3937
3884
3838
3836
3811
3838
3742
3631
3661
3565
3588
3563
3561
3425
3350
3506
3307
3274
3329
3249
3210
3125
3201
3111
3167
3149
3133
3095
3182
3300
3163
3341
3351
3455
3382
3373
3570
3638
3608
3592
3607
3705
3664
3768
3759
3714
3723
3636
3648
3726
3798
3785
3904
3889
4077
4019
4263
4611
4743
5018
5523
6134
6937
7719
8664
10093
11575
13385
15695
18348
21098
24274
28015
31630
35600
39558
43476
47907
51336
55325
58043
61170
64871
66455
68093
70272
72000
73954
75464
78259
81474
83912
88051
91844
96869
100638
106255
111869
115494
120589
123987
125877
126848
127561
126212
124010
119870
115138
108807
101559
94687
86360
77967
70484
62113
54892
48293
41512
36136
30704
26350
22475
19032
16199
13908
11572
9884
8518
7341
6467
5731
4982
4376
3974
3510
3193
2945
2753
2478
2201
2140
2004
1891
1786
1622
1621
1500
1449
1490
1339
1349
1309
1316
1295
1274
1241
1178
1207
1259
1223
1163
1186
1127
1187
1194
1248
1266
1281
1264
1382
1406
1385
1400
1507
1636
1624
1649
1743
1867
1892
1957
2034
2054
2200
2203
2073
2073
2119
2121
1984
2054
1956
1949
1862
1785
1798
1777
1721
1637
1606
1618
1610
1637
1584
1631
1607
1596
1584
1626
1598
1662
1569
1620
1601
1601
1579
1489
1560
1430
1374
1467
1325
1338
1298
1256
1210
1251
1217
1174
1161
1148
1120
1134
1090
1092
1094
1036
1073
1078
1034
1082
1014
1039
992
992
1016
998
997
1002
963
1011
921
929
1015
994
1030
1000
966
917
1030
1041
1033
1016
972
934
1010
1059
1011
1112
1094
1112
1105
1174
1214
1293
1255
1328
1368
1402
1495
1395
1463
1516
1503
1565
1610
1583
1698
1728
1795
1898
2041
2161
2210
2370
2545
2684
2767
2920
3019
3189
3292
3333
3368
3441
3356
3413
3262
3165
3135
3037
2860
2650
2573
2454
2296
2223
2010
1909
1842
1658
1727
1591
1527
1477
1429
1296
1289
1324
1200
1200
1291
1216
1160
1212
1219
1176
1229
1244
1261
1238
1237
1317
1282
1263
1366
1324
1362
1351
1410
1487
1548
1521
1470
1643
1641
1637
1688
1732
1759
1711
1782
1831
1833
1877
1811
1858
1845
1830
1916
1945
1817
1921
1911
1917
1964
2053
2040
2058
2038
2033
2166
2190
2173
2243
2261
2277
2308
2269
2331
2250
2409
2351
2379
2427
2404
2451
2371
2475
2562
2485
2537
2645
2585
2646
2692
2651
2658
2748
2706
2849
2963
2915
2852
2949
3004
2975
2957
3034
3137
3064
3142
3235
3148
3136
3211
3154
3179
3284
3172
3249
3324
3201
3344
3480
3406
3429
3361
3467
3504
3526
3528
3556
3671
3705
3727
3784
3904
3791
3942
3924
4091
4162
4185
4239
4370
4405
4553
4532
4735
4694
4819
4963
5116
5281
5453
5326
5486
5552
5527
5683
5860
5936
6026
6080
6120
6148
6214
6166
6290
6046
6125
6104
6184
6249
5930
5789
5878
5756
5621
5479
5420
5204
5143
5088
4896
4679
4513
4508
4234
4372
4146
3945
3883
3848
3803
3661
3560
3433
3468
3348
3450
3426
3395
3305
3388
3334
3495
3410
3357
3535
3589
3462
3723
3773
3838
3970
4052
3995
4026
4212
4254
4332
4298
4375
4438
4300
4510
4324
4321
4248
4350
4175
4153
4018
4039
3948
3862
3867
3756
3720
3755
3696
3702
3567
3564
3514
3549
3488
3398
3534
3391
3467
3459
3491
3513
3493
3551
3577
3550
3606
3672
3688
3633
3703
3772
3771
3879
3896
4068
4037
4087
4094
4019
4009
4198
4181
4366
4461
4169
4366
4464
4501
4536
4726
4538
4662
4730
4700
4602
4606
4652
4762
4621
4623
4465
4624
4414
4456
4497
4336
4469
4384
4326
4282
4213
4185
4243
4300
4253
4259
4428
4249
4175
4295
4449
4479
4429
4609
4549
4566
4648
4818
4765
4836
4936
5004
5004
4983
5188
5263
5510
5379
5484
5495
5462
5548
5614
5765
5594
5436
5450
5680
5420
5522
5456
5252
5292
5176
5143
4965
4907
4747
4537
4594
4302
4292
4152
4054
4054
3919
3853
3782
3693
3673
3572
3513
3392
3442
3486
3433
3415
3281
3323
3411
3320
3315
3551
3440
3488
3583
3525
3619
3565
3792
3772
3848
3788
3910
3959
3984
4131
4024
4162
4171
4131
4254
4277
4247
4276
4135
4235
4033
4099
4056
4013
3885
3884
3720
3555
3583
3470
3325
3183
3115
3025
2853
2676
2614
2537
2389
2375
2269
2216
2032
2020
2029
1879
1856
1777
1798
1677
1605
1667
1647
1643
1671
1681
1554
1657
1700
1644
1654
1720
1676
1688
1795
1753
1824
1863
1929
1716
1882
1934
1796
1918
1903
1927
1871
1965
1863
2006
1953
1977
1972
2025
2034
1985
2031
2109
2036
1993
2133
2000
1988
2023
2005
1969
2059
2089
2000
1995
2007
2051
2050
2100
2016
2078
1991
2013
2011
1958
2096
1996
2074
2102
1969
1995
2046
2042
1999
1954
2044
2055
1984
1969
1992
2016
2094
1993
1983
1960
2040
2038
1877
1961
2019
1944
1948
2018
1956
2039
1940
2012
2012
2097
2174
2196
2028
2180
2190
2260
2320
2323
2495
2494
2495
2664
2721
2807
2952
3056
3157
3386
3413
3808
3995
4188
4380
4859
4916
5347
5558
5969
6247
6397
6706
7113
7416
7659
7796
7963
8161
8288
8280
8331
8227
8278
8270
8132
8001
7740
7581
7407
7089
7021
6700
6572
6476
5930
5828
5585
5375
5046
4848
4584
4386
4174
3919
3806
3623
3323
3287
3076
2869
2768
2566
2351
2192
2039
1869
1784
1678
1508
1460
1303
1269
1118
1057
941
931
846
761
714
660
625
567
525
491
447
415
402
382
330
327
282
290
266
250
239
224
203
204
201
165
157
154
135
138
147
107
118
104
103
90
95
80
95
81
61
78
56
74
66
48
56
67
55
73
51
35
45
54
48
50
50
47
48
47
37
40
39
38
41
41
41
30
32
25
34
24
23
29
23
19
25
29
30
23
30
27
22
18
22
21
18
17
21
28
22
22
20
14
21
26
22
17
17
14
21
19
23
20
30
19
16
22
17
13
20
17
22
18
13
15
24
22
20
16
15
9
20
11
18
15
21
14
24
11
17
17
17
13
17
12
18
21
20
9
10
18
23
17
19
12
15
11
22
15
18
16
17
14
12
14
12
13
13
16
14
10
15
20
15
7
10
12
13
15
13
9
20
16
12
16
20
12
10
13
16
12
17
17
14
10
14
14
16
18
12
14
20
9
17
19
13
17
18
12
12
15
12
13
18
11
17
13
<<END_SPECTRUM>>
<<Data_Status>>
<<END_Status>>
<<Data_Diagonostic>>
<<END_Diagnostic>>