<<DATA_INFO>>
START_TIME - 2015/02/06 01:27:07
END_TIME - 2015/02/06 01:34:36
MEASURE_TIME - 449
LIVE_TIME - 449
<<END_INFO>>
<<DATA_SPECTRUM>>
0
0
0
0
0
0
0
0
0
0
153
338
332
320
361
319
347
341
371
319
317
336
600
1352
3058
4797
4885
3180
1441
641
430
431
440
457
431
466
522
580
603
611
643
694
717
739
809
820
882
831
815
836
853
936
956
956
991
995
895
922
900
936
934
873
883
875
882
909
910
943
853
822
868
851
815
819
852
865
776
815
803
756
751
765
745
760
778
718
747
730
708
709
728
692
667
666
714
633
658
634
674
652
617
641
667
634
562
549
588
617
553
567
561
549
532
553
541
564
560
500
481
480
440
447
479
473
462
450
445
405
459
461
478
423
444
446
440
389
429
430
394
414
421
412
394
379
356
370
384
346
363
332
371
355
354
324
327
350
335
324
295
297
301
297
347
304
326
322
335
366
328
353
352
352
410
353
298
287
287
286
229
247
222
227
206
218
216
218
235
225
197
214
199
225
205
226
188
212
212
195
197
201
178
205
184
208
186
174
187
180
195
165
200
172
192
187
206
171
172
151
173
127
182
163
150
172
142
130
166
153
166
128
133
125
128
153
124
137
114
150
144
148
131
145
128
147
155
148
135
142
154
160
154
170
174
158
148
151
150
120
122
108
105
89
105
122
107
92
105
113
107
91
105
110
84
98
89
106
88
108
83
92
102
86
92
88
98
82
83
100
96
79
103
97
87
116
96
96
80
75
94
75
113
86
87
78
87
93
102
78
91
84
84
93
89
69
70
74
78
81
85
68
64
86
65
71
81
75
85
79
63
86
79
78
102
82
98
82
92
92
65
73
95
70
76
78
81
61
85
56
62
89
73
70
72
58
72
62
73
78
75
81
81
90
85
85
85
93
75
76
75
93
71
67
71
83
58
57
70
61
79
76
65
75
68
68
67
68
70
62
55
63
64
75
73
60
65
67
60
56
65
60
61
63
64
57
64
76
56
59
84
72
64
75
88
80
84
74
74
97
93
101
79
73
81
77
73
61
63
85
67
61
78
84
84
80
88
104
106
72
81
85
61
72
63
54
62
50
46
59
71
55
46
52
46
47
53
52
51
42
52
55
41
42
43
54
45
48
53
57
53
42
53
41
55
30
49
35
50
42
44
62
48
55
46
51
42
50
39
27
53
49
42
48
53
48
39
59
50
51
36
35
49
37
31
37
52
37
33
42
38
51
53
38
43
45
56
36
46
59
46
43
41
38
48
42
27
50
34
44
32
36
40
54
28
40
38
41
38
35
46
30
35
38
42
40
31
35
41
44
32
38
45
42
40
49
43
38
44
49
48
50
60
62
58
62
72
62
64
63
86
75
67
85
82
80
70
88
64
78
66
87
75
80
67
77
80
82
74
61
70
70
65
63
71
62
79
73
68
76
63
83
75
72
78
67
79
68
72
66
71
78
59
77
61
78
75
78
83
71
71
58
73
65
71
58
65
66
69
57
75
70
55
53
63
57
68
57
52
64
62
64
58
49
66
55
66
69
71
66
80
91
82
80
64
57
60
66
66
58
68
62
64
60
60
71
52
31
53
61
49
55
44
54
63
52
46
56
65
51
57
42
38
44
46
63
66
56
61
60
77
64
76
59
49
57
49
58
59
40
42
50
44
39
53
44
44
42
36
55
32
36
43
41
39
51
35
33
33
36
28
36
49
31
32
43
17
31
27
23
26
29
27
25
27
38
33
35
25
31
29
26
26
39
33
24
34
38
24
24
29
20
37
31
20
30
23
36
28
21
24
33
34
37
33
29
30
26
26
36
30
36
30
23
30
29
26
20
29
29
31
26
26
17
34
34
26
24
23
27
23
23
32
36
44
36
28
35
39
25
40
34
32
32
32
33
34
32
35
32
25
37
26
31
26
22
38
22
25
29
26
36
29
24
31
29
41
29
32
27
28
30
27
30
27
32
36
21
25
31
44
26
23
27
35
30
25
26
25
30
35
30
24
23
24
26
29
27
29
19
27
30
18
31
28
31
23
24
28
27
20
30
23
27
25
32
21
22
28
22
21
28
23
21
29
26
24
27
26
27
19
29
18
21
17
24
16
14
22
14
9
17
9
21
15
15
15
20
9
16
20
15
10
12
13
16
11
9
13
13
8
16
10
11
10
13
11
8
7
12
16
10
15
12
9
12
12
11
8
7
6
5
9
9
6
10
7
8
9
10
7
12
12
6
12
5
7
11
6
8
7
9
4
7
10
9
8
4
4
10
6
8
6
5
10
5
6
5
7
5
7
7
6
6
4
3
8
5
5
10
4
5
7
5
7
10
6
7
7
8
8
13
7
11
11
5
6
21
17
24
19
25
31
35
42
46
47
65
83
61
76
75
81
110
92
96
113
117
125
112
108
125
137
115
148
152
141
184
169
166
196
202
194
194
224
204
209
213
181
185
190
170
142
121
128
100
84
88
67
42
46
39
37
20
18
13
8
9
4
8
10
5
7
5
3
4
6
2
5
4
3
5
5
2
3
4
5
3
1
0
3
3
5
1
3
3
2
1
3
1
2
3
2
3
3
3
5
6
2
4
1
2
1
3
3
1
3
3
4
2
5
2
2
4
2
4
6
3
4
4
6
5
5
5
4
5
3
4
7
2
6
1
4
4
2
3
5
4
7
5
3
3
4
4
3
2
4
2
1
2
2
0
5
3
3
4
2
4
1
3
2
1
3
0
4
2
7
2
1
0
3
1
1
2
1
5
1
3
7
2
0
5
2
2
2
3
0
1
3
1
4
1
1
1
7
3
3
4
1
2
3
2
1
2
0
1
2
4
1
2
5
4
2
5
2
4
2
2
4
1
3
2
1
4
2
1
1
0
7
4
3
5
9
7
3
5
7
8
10
7
11
6
10
13
7
4
6
7
7
2
1
3
0
1
1
3
5
7
6
2
1
1
5
0
2
4
6
2
3
4
1
5
2
4
2
4
2
3
3
3
4
5
4
4
1
6
3
1
1
5
4
2
4
4
0
3
2
4
1
6
4
4
3
9
7
5
4
5
6
10
7
6
5
6
2
5
3
7
8
4
6
7
3
4
5
4
3
5
5
14
6
5
9
13
4
2
4
6
7
6
4
7
3
8
3
8
9
9
4
6
7
4
8
9
6
9
4
6
9
7
10
5
7
9
3
8
12
5
7
4
9
10
11
11
6
3
10
6
3
13
9
11
10
4
9
10
11
7
10
9
14
4
10
10
7
16
7
9
11
9
16
13
11
9
8
14
12
12
15
10
12
14
7
9
23
19
18
12
15
15
11
22
14
18
19
18
19
20
24
20
21
12
14
15
14
14
12
21
19
17
22
12
10
14
8
14
10
9
14
5
11
9
15
8
6
8
13
12
7
9
15
13
11
14
8
13
15
5
8
12
11
8
13
14
15
9
8
15
14
16
15
11
11
18
14
9
6
13
8
13
11
15
11
10
12
16
13
11
8
10
10
7
10
9
8
4
6
9
11
6
6
4
7
9
9
12
9
10
4
6
8
9
11
6
12
6
7
9
9
17
5
12
8
10
9
9
9
14
13
8
21
10
16
7
8
12
11
9
8
22
4
16
10
17
10
9
16
10
12
4
8
10
10
14
14
5
11
2
9
14
4
10
6
9
15
13
8
9
8
17
16
13
15
9
9
11
11
17
18
19
21
15
8
14
16
15
11
13
16
22
13
17
28
13
12
12
15
20
13
19
19
17
20
12
21
15
6
15
8
13
11
12
8
10
5
11
14
11
10
10
11
9
6
8
6
7
10
5
7
9
7
5
6
14
11
10
14
9
12
10
11
13
10
13
10
8
9
8
15
17
7
21
11
9
13
9
12
8
11
9
10
18
10
7
12
14
12
11
12
14
5
13
8
9
12
9
7
10
6
5
2
6
4
5
4
1
3
6
1
4
4
3
3
5
5
5
7
7
6
6
3
7
2
3
3
2
3
7
2
7
5
9
4
2
2
6
6
6
4
5
5
5
3
1
6
9
2
3
4
9
3
5
6
6
6
5
3
4
3
3
3
3
9
10
6
4
4
2
4
5
8
7
9
4
8
5
5
8
4
6
3
4
3
1
6
7
4
8
5
4
5
4
1
4
4
7
4
7
2
5
5
8
5
4
4
4
2
3
2
7
10
2
7
6
4
7
11
7
8
10
9
12
10
10
3
11
10
14
8
15
15
7
14
20
25
11
11
16
12
22
16
16
14
18
12
15
13
8
11
10
12
13
17
5
10
15
12
19
9
10
11
12
9
6
15
11
11
12
11
17
8
13
14
12
6
11
3
12
4
5
10
6
7
4
1
8
5
3
5
3
3
4
4
1
1
1
0
3
3
2
1
1
1
1
0
0
0
0
1
1
1
1
1
0
0
1
1
0
0
1
0
0
0
0
0
0
0
0
0
0
0
0
0
0
0
0
0
0
1
0
0
0
0
0
0
0
0
0
0
1
0
0
0
0
0
0
0
0
0
0
0
1
0
0
0
0
0
0
0
0
0
0
1
1
0
0
0
0
0
0
0
0
0
0
0
0
0
0
0
0
0
0
0
0
0
0
0
0
0
0
0
0
0
0
0
0
0
0
0
0
0
0
0
0
0
0
0
0
0
0
0
0
0
0
0
0
0
0
0
0
0
0
0
0
0
0
0
0
0
0
0
0
0
0
0
0
0
0
0
0
<<END_SPECTRUM>>
<<Data_Status>>
<<END_Status>>
<<Data_Diagonostic>>
<<END_Diagnostic>>