<<DATA_INFO>>
START_TIME - 2014/10/17 10:08:28
END_TIME - 2014/10/19 08:22:32
MEASURE_TIME - 166444
LIVE_TIME - 166438
<<END_INFO>>
<<DATA_SPECTRUM>>
0
0
0
0
0
0
0
0
0
0
115233
249508
251548
263727
279345
293812
298126
292646
286244
285165
338742
635886
1703615
4018869
6688680
7132298
4951159
2245556
759167
303398
222607
210352
206635
204059
201908
200172
200013
197182
197216
196974
197268
196728
197429
197812
198214
197812
198476
199299
202457
204035
206596
204099
201885
197830
194103
192281
191098
189766
190304
190462
189600
188325
186647
184818
183301
181770
180617
182252
182307
180988
180164
179783
179462
177568
177916
177500
177815
176908
176010
174739
173983
173122
173207
171542
171982
171791
171241
170486
170937
166427
166836
164898
163874
162563
162621
162232
162561
160112
159657
157543
156959
155398
154640
154035
153671
151060
150789
149571
148718
147342
146965
144981
143801
142923
143313
142031
141353
139838
139469
138226
137477
134661
134105
133635
131894
130132
129425
128612
127852
124805
124261
122864
122789
120364
120495
119095
118362
116044
114696
113670
112687
111019
109880
108565
107144
104795
104069
102308
101836
99598
98689
97880
98858
95462
94949
94450
92572
91127
89307
88917
87894
85811
85130
83861
82191
81177
79874
78492
78288
76709
75371
74630
74180
73187
72982
72683
71895
71522
71090
70338
70022
69379
69440
68603
68909
67137
67518
67743
67452
66893
66958
66915
67119
66288
65959
66010
66194
65655
65231
65013
64890
64926
64909
64474
64821
64395
63957
63957
64229
64246
63934
63490
63060
63704
62885
63153
63553
63144
61928
62460
62063
62670
62149
61716
62108
62213
61538
61454
61647
61457
61195
61646
61607
62039
60834
61403
61650
61411
61709
61410
61602
61196
61066
61600
61534
62345
61515
61124
60600
61510
60188
60537
60475
59975
59930
60726
60276
60351
60173
60187
59814
60197
60277
60634
60506
60733
60090
60534
60046
60487
59588
60052
60692
60496
59540
59703
59813
60453
59590
59550
59555
60248
59278
59222
59598
59766
59571
59972
59685
59524
59331
59248
59092
59523
58956
58975
58575
58854
58225
58228
58565
58606
58579
57778
58604
58726
58688
59103
59508
59579
59419
59859
59781
59642
59206
59013
59400
58614
58896
58772
58464
58706
58155
58299
57567
58437
58040
58082
57765
58200
57477
57727
57905
57226
57817
57301
57361
57486
58045
57453
57758
57789
57463
57532
58096
58870
58758
58123
58777
58828
59270
59437
59151
59195
59437
59239
58992
58862
58607
58018
57912
57653
57194
56544
56745
56570
56771
56684
56721
56638
56509
56292
56844
56905
56991
56996
57424
57558
57514
56703
56826
56918
57066
56830
56973
56733
56528
56454
56740
56393
56624
56530
56605
56711
56776
56194
56233
56051
56527
56278
56193
55987
56358
55942
56507
55788
55957
55396
55889
55932
56488
55628
55527
55085
55473
55354
54717
54880
54954
54258
54427
54160
54191
53632
53252
53573
53746
52891
51917
52188
51978
51734
51810
51667
51949
50916
51351
50618
50563
50166
49845
49839
50110
49543
49119
48950
49269
49220
48721
48976
48378
48452
47735
47846
48100
48160
47538
47261
47737
46766
46529
46687
46711
46372
46103
46131
45718
45765
45476
45024
45074
45383
44110
44024
44399
44122
43892
43596
43488
43005
42740
42470
42282
42234
41754
42073
41679
41474
41313
41375
41549
41116
40622
40951
40784
40637
40076
39888
40042
40037
38854
39458
39112
39221
38652
38924
38447
38182
38215
38267
38111
37866
37911
37811
37751
37334
37341
37253
37179
37002
36892
36870
37116
37176
36995
37383
37163
37149
37416
37720
37881
39244
39773
41476
42995
45895
48898
52896
58271
64530
70065
78044
85915
94844
101916
111305
118615
125568
131097
137547
141771
145493
147841
150852
151583
152843
151685
153661
152988
153604
152885
152144
151381
152062
149626
150438
149166
150095
148681
148600
147861
148814
145094
146341
145890
144822
143476
144083
143124
143898
141925
142073
142555
141513
139927
139956
139807
139405
137796
137661
137244
137349
135538
135532
134938
135564
134226
134042
133614
132692
132214
131710
131516
131189
130422
128452
129408
128624
127575
126500
125978
125968
124832
124296
124288
123541
123363
121698
122284
121862
120823
118592
119338
119021
119305
117275
116534
116857
116337
115186
114633
114699
113933
113043
113131
113019
112760
111749
111834
111390
111102
109919
109951
108594
109029
106800
106845
106777
105193
104099
103226
102771
101916
100831
101597
100435
100092
99224
98677
98430
98661
97802
97050
96149
95874
94187
92997
92470
92529
88266
88699
86194
84940
82887
82074
80535
79433
77407
76926
75027
74512
72355
72174
70409
70106
68240
67280
66119
65623
63786
63272
62008
61037
59564
58902
57920
57159
55141
54898
54021
53655
51304
50973
49417
49657
47749
47593
46983
45468
44648
44055
43328
42915
41995
41119
40410
40262
39254
38754
38571
38204
37377
37383
37044
36809
36337
36150
36134
35959
35857
35983
35720
36709
35626
35716
35711
35841
35353
35731
35639
36178
35236
35477
35524
35894
35453
35776
35926
35812
36039
35693
36100
35945
35783
36201
36167
36249
36095
36598
36366
36896
36270
36814
36349
36978
36745
36517
37126
37051
36457
36936
36874
36983
37540
36949
37250
37356
37048
37118
36932
37434
37082
37367
37179
37660
37530
37131
37633
37286
36928
37298
37476
37580
37419
37259
37190
37549
37178
36612
36771
37051
36781
36811
36666
36952
36725
36466
36059
36324
36387
35948
36139
35984
35460
35222
35688
34963
35464
34917
35016
35153
34810
34047
34533
34350
34417
33855
33734
33781
33346
32754
32777
32460
32165
31879
31396
31241
30892
30475
30268
29969
29767
29501
29116
28714
28497
27783
27483
27325
26990
26166
25815
25455
25038
24318
24049
23520
23252
22511
22293
21838
21714
20510
20216
19684
19370
18511
18607
18067
17781
17101
17039
16427
16275
15510
15405
15061
14813
14431
14108
13875
13599
13407
12980
12739
12605
12140
12031
11693
11637
11241
11083
10951
10633
10216
9930
9656
9496
9308
9118
9064
8807
8386
8259
8163
7994
7682
7539
7462
7027
7002
6926
6470
6389
6310
6050
5974
5722
5594
5498
5302
5228
5109
4955
4893
4804
4613
4323
4224
4274
4170
4094
3943
3981
3865
3724
3717
3681
3625
3500
3458
3409
3430
3299
3326
3306
3279
3391
3249
3396
3510
3557
3515
3803
3993
4190
4515
4816
5463
5944
6821
7872
9210
11178
12966
15858
19181
23666
29029
35765
43373
52693
62847
75834
89179
103940
121375
138179
154894
172083
188868
205723
219969
231327
243226
252330
258696
262100
265590
269458
269693
267069
271916
276084
282153
289947
302902
316544
335236
350869
374183
394284
415178
431233
451505
462667
470336
466273
467745
457343
444964
421716
401501
373602
347041
312175
283266
252012
224201
193856
168516
144386
124687
103912
88308
74287
62098
51271
42881
35749
29626
24137
20629
17123
14280
11828
9925
8471
7183
5886
5005
4313
3779
3258
2794
2444
2041
1858
1667
1415
1401
1208
1097
1110
1044
926
837
923
876
823
834
811
821
773
817
746
776
762
752
768
739
707
690
678
673
709
713
650
673
667
638
678
652
714
660
659
671
617
642
623
657
599
647
613
579
574
578
555
570
576
516
552
572
571
541
556
510
501
549
598
527
532
574
534
500
568
572
516
572
532
560
506
544
513
541
549
559
563
556
549
564
578
608
599
577
578
609
580
597
612
676
656
647
662
657
648
672
685
664
712
675
718
725
727
733
732
722
745
747
797
768
774
772
756
844
837
802
903
859
845
934
991
926
948
960
980
988
988
987
1053
993
1059
1192
1132
1181
1226
1214
1279
1228
1248
1393
1323
1352
1371
1459
1509
1451
1512
1555
1666
1536
1709
1708
1714
1742
1792
1757
1750
1779
1813
1832
1893
1807
1808
1776
1875
1884
1875
1869
1840
1880
1965
1979
1957
1983
2043
2097
2132
2221
2257
2223
2221
2191
2381
2337
2436
2394
2464
2568
2637
2641
2630
2695
2709
2809
2789
3015
2913
3017
2948
3150
3235
3251
3418
3409
3580
3620
3772
3895
3921
3997
4080
4309
4304
4571
4820
4740
4864
5012
5229
5350
5403
5542
5752
5860
6122
6154
6440
6484
6729
6816
7031
7096
7372
7386
7415
7698
7798
7961
8005
8080
8230
8466
8480
8617
8761
9129
8996
9177
9408
9266
9405
9740
9782
9882
9947
10162
10264
10535
10700
10804
10804
10882
10908
11019
11176
11385
11350
11667
11603
11796
11805
11957
12046
12280
12250
12583
12450
12338
12626
12936
12721
13081
13037
13140
13416
13530
13728
13793
14355
14334
14514
14742
15209
15305
15373
15745
16486
16735
17041
17375
17690
17906
18488
18958
19443
19985
20339
21106
21696
21471
22407
22977
23349
23747
24209
24460
25021
24997
25276
25693
25508
25852
25941
26318
26089
25562
25577
25068
25003
24597
24075
23922
23204
22422
22540
21830
21192
20471
19910
19414
18696
17796
17616
16846
16283
15774
15361
15074
14456
13927
14029
13645
13227
13033
12826
12740
12588
12228
12597
12454
12583
12473
12462
12399
12829
12573
12589
12772
12774
12858
12873
13064
13356
12948
13006
13084
13518
12991
13172
12972
13263
12934
12886
12801
13246
12696
12415
12575
13183
12350
12342
12227
12544
12407
12370
12149
12360
12305
12325
12410
12452
12478
12693
12853
12722
12550
12606
12758
12980
12886
13109
13257
13590
13452
13807
13872
14019
14131
14096
14617
14681
14391
14941
15029
15331
15129
15260
15404
15573
15432
15713
15644
15884
15597
15843
15795
15961
15715
15776
15525
16069
15787
15870
15784
15795
15460
15609
15639
15433
15363
15505
15496
16029
15430
15395
15437
15491
15581
15586
15771
15998
15715
16109
16017
16311
16501
16703
16895
17245
17338
17727
17863
18281
18349
18812
19023
19825
19416
19844
20381
20905
20947
21166
21651
22251
22082
22089
22465
22523
22245
22762
22535
22620
22099
22343
21787
21713
21161
20519
20564
20087
19470
19091
18497
18424
17543
16972
16391
16306
15364
15204
14532
14433
13964
13769
13372
13551
13000
12376
12510
12508
12639
12391
12344
12375
12395
12415
12626
12688
12901
13060
13247
13413
13582
13839
14274
14457
14847
14929
15261
15361
15844
15780
16242
16531
16294
16406
16504
16698
16518
16390
16282
16420
16125
15872
15557
15249
15069
14268
14073
13753
13155
12717
11992
11833
11453
10753
10713
9839
9467
8797
8614
8403
8016
7452
7261
7174
6854
6497
6481
6191
6205
5825
5928
5625
5860
5576
5569
5872
5659
5618
5740
5822
5810
5885
6024
6021
6096
6083
6231
6366
6478
6506
6652
6648
6694
6855
6973
6994
7068
7318
7378
7498
7534
7387
7719
7744
7717
7875
7863
7976
8161
8028
8209
8184
8264
8316
8288
8418
8244
8183
8555
8335
8339
8207
8356
8435
8412
8459
8365
8549
8693
8607
8518
8700
8740
8428
8654
8629
8489
8620
8642
8634
8599
8548
8545
8610
8500
8497
8405
8462
8502
8198
8394
8464
8385
8217
8449
8359
8627
8321
8393
8261
8420
8373
8613
8672
8545
8601
8801
8839
9025
9047
9157
9268
9404
9635
9695
9835
10053
10138
10413
10638
10910
11016
11332
11797
11725
11962
12168
12564
12701
12896
13408
13744
13970
14094
14352
14818
15397
15351
15561
16214
16442
16261
16748
17060
17265
17242
17609
17426
17671
17751
17613
17725
17762
17187
17289
17035
16712
16704
16368
15967
15497
14734
14536
14087
13587
12772
12507
11796
11235
10612
9944
9409
9145
8390
7712
7361
6880
6330
5933
5638
5187
4784
4424
4173
3729
3427
3174
2953
2755
2500
2372
2129
2061
1925
1728
1650
1538
1372
1293
1284
1222
1068
976
922
894
830
720
772
695
625
620
593
525
518
511
425
430
388
380
344
352
328
328
286
299
254
222
273
226
219
181
193
208
197
158
167
130
162
143
154
122
123
128
131
111
126
119
97
96
89
92
99
91
73
87
82
81
79
73
84
70
67
87
68
69
72
61
63
71
61
61
54
53
47
55
49
55
58
60
68
60
55
57
56
53
54
57
50
43
61
52
59
52
52
49
54
52
64
59
59
44
43
56
67
52
37
48
43
54
46
38
38
41
46
37
51
39
37
35
44
53
53
54
62
60
61
72
56
70
77
75
52
60
53
53
55
52
52
48
50
39
52
63
45
53
55
40
53
59
45
56
56
49
56
49
50
46
54
53
65
49
56
53
54
46
52
52
61
52
38
70
53
64
62
45
53
40
39
51
70
65
62
40
44
52
54
48
60
64
52
49
40
51
49
57
41
58
49
44
45
35
49
45
60
41
47
47
51
45
48
45
46
54
49
49
36
42
49
37
53
48
37
41
44
<<END_SPECTRUM>>
<<Data_Status>>
<<END_Status>>
<<Data_Diagonostic>>
<<END_Diagnostic>>