<<DATA_INFO>>
START_TIME - 2014/10/17 10:08:28
END_TIME - 2014/10/19 08:22:32
MEASURE_TIME - 166444
LIVE_TIME - 166438
<<END_INFO>>
<<DATA_SPECTRUM>>
0
0
0
0
0
0
0
0
0
0
76910
161949
163067
169197
180419
191636
198890
198258
191215
186860
193868
262901
570715
1467059
3080344
4542575
4485030
2912676
1293352
458039
212266
167640
160159
157857
157697
157914
156612
157725
158885
159380
159674
160296
160820
160746
160994
160454
160852
160644
160158
159483
158323
157305
158172
157598
156311
154720
155375
154432
153123
153023
152136
151318
150830
149213
148765
147498
147349
147347
146171
145476
144226
143016
143291
141677
141186
140777
140955
139664
138342
137943
136849
136763
136511
136303
135609
134745
135233
133935
132953
131752
131424
130299
130157
129280
129312
128140
128291
127136
125718
124957
123230
122362
121771
120879
120025
118966
119077
117801
117245
116208
114782
115116
114289
113222
113789
112626
111370
110159
108928
108445
107926
107263
106307
105571
104360
103802
102760
102606
101132
99741
99094
98476
97158
96665
96189
94931
94688
93517
92024
91480
90576
89336
88378
88068
87618
85804
85321
84638
83861
82748
82194
81073
80945
79943
79728
79251
78677
78437
77078
76744
76167
75322
74266
73304
72154
71432
70244
69378
68037
67217
66907
65498
64812
63361
63480
63043
62866
63064
62618
62556
63091
62778
62489
61775
61106
60847
59768
58939
58362
57596
57515
56924
56379
55626
55287
54952
55163
54329
53291
53006
52608
52225
52389
51897
51634
51234
51003
50921
50481
50440
50036
49977
49850
49677
48895
48710
48863
48536
48015
47986
47994
47527
47432
47607
47249
47205
47022
47051
46597
46622
46556
46225
46555
46004
45916
45776
45988
45674
45387
44899
44986
45216
45692
45503
44886
44927
45195
44843
44954
44809
44796
44497
44695
44483
43948
44017
44027
43390
43692
43364
43719
42825
43044
43126
42931
42747
42657
42717
42839
43167
42609
42954
42736
42860
42299
42117
41923
42183
41996
41588
41758
42114
41553
41551
41717
41235
41297
41446
41313
41415
41168
41339
41572
41427
41303
41254
41365
41584
41069
41090
41131
41206
40623
42067
43332
43119
42054
41654
41192
40952
40384
40632
40084
40501
40533
40539
40446
40574
40660
40773
40748
40690
40532
40497
40420
40221
39867
39935
39995
39640
39800
39082
39034
39249
38786
38974
39275
39319
39044
38754
38804
38590
39140
39111
39179
39250
38504
38764
38758
38993
38632
38558
39008
38582
39005
38934
39167
38812
39197
38807
39564
39283
39333
39003
39231
39257
39258
39301
38938
38924
38655
38643
38399
38754
38557
38547
38358
37915
37662
38118
38181
38596
38618
38319
38100
38239
37977
38263
38240
37997
38029
37626
38106
37913
38011
37654
37897
37344
37657
37274
37756
37350
37344
37323
37605
37664
37507
37795
37994
37751
37434
37441
37522
37448
37500
37515
37274
37269
37100
37224
36919
36932
36750
36708
36885
36802
36670
36330
36510
36541
36322
36237
36329
36146
35724
36083
35753
35432
35480
35283
34891
34861
34797
34583
35014
34894
34803
34761
34312
34207
34354
33784
33629
33562
33757
33475
33424
33332
33431
33515
33495
33774
33506
33665
33816
33673
33539
33781
33547
33316
33209
33158
32327
32364
32021
32172
31627
31657
31460
31013
30364
30783
30577
30372
30068
30174
30098
29863
29707
29886
29689
29598
29373
28794
29092
29298
28668
28840
28641
28278
28360
28108
28401
28385
28244
27608
27592
27533
27465
27335
27421
27312
26754
27013
26824
26823
26585
26451
26397
26564
26117
25945
26215
26138
26172
25756
25824
25790
25554
25645
25651
25193
25341
24911
25256
24715
24721
25059
24976
25030
25249
25463
25720
25729
25692
26849
27832
29099
30592
32514
34959
38153
41980
46112
50645
55680
61317
66428
72078
76858
82447
86436
90645
93850
97500
98880
100527
101635
103298
102954
102937
103536
103073
102663
102165
102757
101356
101452
100951
100768
99849
100519
99234
99590
99059
99023
98488
98056
97222
97232
97228
96796
95825
96276
95777
95224
95093
94536
94788
94195
94024
93458
92979
92704
92194
91647
91400
90997
90498
90311
89471
89464
88488
88902
88347
87700
87140
88000
87137
86550
86424
86438
85910
85563
85188
85119
84125
84142
83435
82831
82834
82373
82432
81412
81478
81249
80686
79816
80113
79621
79287
78397
78885
78209
77626
77591
77495
76670
75829
75857
76097
75591
74954
74748
74604
73971
73873
72699
73001
72302
71863
71030
71034
69929
69612
69160
68124
68230
66877
66845
66596
66346
66319
65714
65647
64808
65192
65024
64567
64160
63271
62645
62120
61226
60386
59405
58440
57266
57088
55460
55265
54139
53070
52035
51390
50160
49704
48919
47968
47552
47127
46122
45312
45043
44120
43173
42494
41981
41447
40689
40177
39328
38594
37772
37171
36167
35750
35476
34440
33826
33006
32687
31668
31507
30710
30620
29793
29102
28608
27958
27642
27205
26778
26555
25904
25784
25393
25065
24973
24614
24212
24107
24235
23941
23358
23866
23416
23388
23375
23646
23540
23414
23386
23283
23491
23814
23494
23618
23637
23731
23623
23643
23702
23569
23682
23530
23846
23734
23620
24021
23545
23834
23903
23883
23784
23927
23720
23852
23774
23839
24457
24244
24018
23979
24077
24291
24525
24299
24192
24209
23962
24179
24293
24299
24318
24369
24249
24270
24442
24276
24409
24379
24308
24519
24277
24530
24231
24305
24195
24196
24436
24201
24157
24357
24236
24173
24202
24153
24298
24565
24038
24362
24247
24133
24247
24084
23761
23816
23972
23824
24101
23720
23537
23688
23288
23637
23643
23480
23138
23332
23170
23234
22726
22610
22975
22718
22537
22544
22055
22150
21921
21888
21878
21545
21147
21183
20673
20713
20658
20304
20152
19940
19612
19674
19582
18943
18926
18651
18675
18184
18279
17601
17506
17291
16844
16714
16499
15997
15894
15721
15345
14771
14563
14210
14066
14013
13772
13323
13069
12883
12449
12512
12331
11881
11756
11551
11342
11093
10867
10848
10407
10412
10327
10136
9906
9766
9665
9364
9366
9030
8979
8885
8476
8379
8396
8193
8057
7787
7847
7585
7376
7303
7210
6989
6947
6780
6665
6445
6407
6276
6175
6006
5904
5863
5719
5551
5288
5287
5303
4992
4977
4865
4797
4658
4569
4390
4557
4300
4217
4112
3933
4007
3896
3806
3591
3616
3603
3483
3316
3315
3248
3196
3128
3110
3011
3039
3012
2963
2917
2906
2797
2888
2887
2728
2974
3019
3142
3067
3277
3488
3694
4011
4265
4824
5403
6187
7401
8659
10479
12433
15342
18277
22394
26948
32422
38856
46722
54795
63385
74319
85000
95631
107592
119536
129381
140030
149251
157468
164634
169968
173632
176242
177919
180255
180688
181298
182930
185563
189776
194689
203673
213076
223543
235919
249108
263743
276219
289007
299614
308142
313320
315391
315185
311427
301650
290143
275896
259726
239649
220745
199848
180627
159953
141027
123379
106590
91080
77613
65918
55237
46783
38846
32519
27059
22619
18777
15359
12978
10666
8834
7565
6286
5277
4418
3703
3132
2689
2305
1960
1768
1441
1280
1073
987
845
795
707
607
637
566
531
469
493
433
484
441
442
462
465
442
449
437
466
447
415
428
403
436
446
410
397
393
405
381
386
367
370
366
323
341
338
363
323
306
321
311
304
303
292
297
312
334
331
275
270
272
271
271
319
238
312
262
235
261
242
267
259
276
272
279
296
267
273
263
246
278
257
255
268
286
284
287
284
267
283
271
272
280
263
265
300
295
297
322
355
290
312
312
306
330
336
354
327
349
347
362
349
376
342
362
376
395
383
376
429
403
421
393
435
409
411
470
437
459
448
485
502
503
523
472
502
510
513
473
498
520
583
541
559
573
571
597
649
644
681
674
628
667
708
725
654
706
698
749
774
768
811
830
775
822
825
823
849
900
867
935
879
943
932
956
962
924
963
986
1032
946
1071
1064
1013
1121
1117
1141
1170
1096
1167
1191
1215
1333
1254
1279
1306
1315
1353
1404
1466
1342
1452
1399
1524
1569
1592
1580
1576
1636
1667
1710
1699
1716
1798
1784
1903
1894
2035
2012
2045
2059
2134
2169
2247
2257
2299
2442
2497
2606
2550
2745
2851
2860
2987
3094
3123
3234
3367
3434
3549
3691
3631
3785
3861
4076
4064
4196
4303
4466
4409
4553
4629
4724
4843
4801
5070
5030
5110
5191
5225
5363
5615
5529
5563
5679
5702
5770
5809
6180
6225
6238
6232
6217
6456
6468
6740
6598
6620
6760
7001
7170
6969
7159
7243
7483
7375
7666
7589
7515
7594
7707
7891
7820
7953
7949
8140
8292
8283
8270
8488
8491
8474
8521
8720
8774
8939
8985
9161
9475
9441
9483
9505
9838
9935
10044
10333
10525
10734
10697
11114
11411
11383
11763
11884
12359
12563
12863
13214
13481
13985
14080
14471
14762
15021
15348
15626
15695
16340
16402
16661
16805
16912
17355
17174
17197
17023
17274
17043
17104
17043
16673
16543
16458
16384
15898
15583
15264
14981
14402
14148
13727
13326
13012
12663
12231
11762
11407
10979
10666
10510
9978
9781
9764
9534
9365
8907
8622
8532
8459
8609
8515
8570
8381
8225
8355
8303
8437
8364
8470
8463
8349
8495
8549
8674
8546
8777
8629
8641
8519
8577
8480
8536
8572
8581
8516
8387
8364
8323
8400
8343
8422
8191
8252
8314
8098
8116
8201
8112
8071
8174
8114
8015
8041
7949
7831
8172
8014
8112
8208
8262
8281
8460
8563
8572
8704
8745
8788
8908
8992
8995
9063
9175
9404
9575
9628
9701
9800
9824
9915
9948
10116
10102
10167
10137
10313
10386
10259
10391
10356
10404
10409
10637
10440
10308
10512
10556
10271
10417
10546
10323
10355
10518
10270
10261
10223
10253
10193
10304
9941
10421
10006
10193
10462
10244
10310
10361
10411
10557
10512
10667
10838
10896
11018
11138
11269
11608
11587
11779
11966
12106
12482
12611
12759
13000
13147
13461
13809
13989
14097
14222
14652
14189
14707
14772
14754
14864
15068
14958
14994
14755
14834
14805
14551
14271
14062
13697
13315
13217
12912
12785
12236
12139
11776
11184
11114
10736
10533
9975
9877
9768
9473
9105
9057
8869
8701
8506
8528
8521
8314
8316
8131
8265
8077
8383
8432
8387
8666
8540
8567
8822
8881
9098
9211
9341
9678
9860
9726
10142
10158
10339
10561
10777
10596
10764
10798
10926
11008
10864
11225
10760
10931
10798
10678
10509
10325
10155
9893
9652
9332
9136
8848
8470
8170
7806
7641
7235
7010
6584
6388
6011
5835
5576
5347
5170
5000
4696
4731
4494
4349
4170
4227
4114
3980
3946
3910
3921
3895
3925
3771
3875
3787
3810
3922
3837
3919
3921
4002
4035
4043
4115
4099
4183
4347
4565
4366
4512
4623
4685
4830
4739
4925
4823
4921
4970
5021
5044
5178
5185
5128
5366
5292
5407
5348
5504
5474
5474
5536
5635
5587
5513
5568
5455
5364
5424
5501
5605
5568
5532
5684
5684
5617
5620
5662
5841
5642
5650
5647
5748
5666
5611
5635
5722
5709
5741
5708
5665
5541
5741
5748
5591
5572
5673
5554
5639
5650
5474
5654
5581
5497
5461
5665
5441
5497
5540
5704
5568
5603
5657
5629
5783
5720
5872
5924
6022
6124
6178
6122
6440
6258
6508
6690
6676
6775
7026
6906
7080
7097
7412
7623
7769
7787
7857
8276
8337
8403
8945
8719
8947
9209
9294
9565
9769
9771
10047
10269
10483
10558
10834
10850
11157
11147
11202
11143
11394
11337
11375
11515
11536
11309
11478
11318
11116
10977
11011
10605
10513
10272
9827
9821
9449
8871
8540
8429
8079
7575
7255
6926
6482
6162
5688
5456
5026
4664
4520
4212
3921
3509
3372
3025
2872
2579
2462
2266
2152
1891
1843
1694
1520
1486
1297
1257
1175
1056
985
933
857
759
776
687
655
629
572
547
526
474
476
419
413
398
361
317
323
277
291
266
269
232
227
207
219
191
193
185
175
153
153
138
153
145
139
134
127
103
127
112
95
95
91
76
101
92
72
76
76
74
63
70
67
62
73
52
67
78
58
40
40
51
61
66
61
59
41
41
45
58
41
58
39
54
51
32
38
48
49
31
37
43
39
27
50
34
40
40
34
34
47
31
43
32
45
45
40
36
33
34
39
36
32
40
32
42
32
26
34
40
36
31
33
27
37
30
36
39
34
54
36
39
28
34
33
34
27
26
38
24
28
39
40
34
29
26
37
32
31
38
27
26
33
27
37
26
25
34
41
37
33
27
28
31
34
31
31
38
31
28
31
21
26
26
39
37
34
35
30
33
25
29
37
29
35
40
24
29
<<END_SPECTRUM>>
<<Data_Status>>
<<END_Status>>
<<Data_Diagonostic>>
<<END_Diagnostic>>