<<DATA_INFO>>
START_TIME - 2015/02/04 14:50:18
END_TIME - 2015/02/04 14:55:54
MEASURE_TIME - 336
LIVE_TIME - 336
<<END_INFO>>
<<DATA_SPECTRUM>>
0
0
0
0
0
0
0
0
0
0
249
528
501
530
533
642
595
631
620
596
692
803
1436
3365
6474
9565
9569
6329
2902
1275
723
681
692
688
775
803
833
879
965
980
1006
1129
1172
1208
1353
1349
1310
1382
1500
1545
1546
1657
1710
1746
1726
1714
1600
1547
1608
1555
1601
1594
1681
1630
1609
1509
1509
1492
1525
1462
1428
1446
1365
1379
1400
1431
1426
1419
1358
1316
1373
1395
1338
1306
1250
1293
1344
1319
1340
1320
1274
1292
1275
1185
1204
1187
1143
1151
1226
1122
1166
1124
1095
1194
1079
1096
1056
1077
1044
1016
1039
1024
975
975
992
956
905
964
903
902
892
925
896
907
904
882
829
840
868
881
864
835
814
822
873
777
789
745
777
790
727
747
758
735
730
706
717
693
649
698
681
713
649
715
626
628
616
637
614
623
643
597
632
665
711
695
727
821
769
776
763
742
699
654
563
524
522
561
440
467
463
428
440
503
446
447
424
434
451
425
449
417
438
455
456
461
423
441
406
379
418
440
385
398
418
422
405
419
406
433
426
434
428
396
378
360
356
340
343
337
308
328
347
302
328
278
303
334
328
286
289
303
327
339
287
331
303
336
311
331
337
347
356
367
366
360
395
382
377
367
387
368
363
323
329
292
283
292
251
245
267
239
256
250
222
254
240
225
234
248
257
264
222
236
247
230
229
227
194
227
249
226
237
212
223
212
218
211
234
239
223
222
221
230
254
206
204
215
186
236
200
206
207
193
209
226
225
184
222
189
229
193
209
180
195
204
187
213
199
209
201
206
179
178
193
204
201
192
191
213
203
193
199
191
220
181
219
192
169
163
178
191
176
173
173
205
172
188
171
180
187
192
188
195
180
180
191
203
188
208
218
223
214
207
193
199
200
174
178
167
167
170
185
150
162
162
154
163
150
185
169
168
161
148
175
156
146
143
167
146
160
134
140
155
144
160
138
156
141
184
177
146
188
182
192
185
189
206
210
239
257
252
239
225
205
204
223
217
203
200
184
190
207
200
190
225
205
242
222
225
243
235
196
224
233
187
173
183
156
160
145
121
138
121
171
136
139
121
114
130
137
129
131
142
121
128
152
112
133
110
137
107
141
109
116
122
98
126
116
108
121
124
127
126
116
113
126
117
106
130
112
127
115
134
107
95
114
118
111
123
110
117
114
113
120
128
111
112
111
102
123
110
106
120
102
119
113
101
121
118
102
123
123
142
119
129
111
100
115
99
105
98
101
84
111
111
124
122
99
87
103
96
91
107
85
114
113
128
120
110
118
105
94
126
140
118
119
135
119
130
139
142
153
152
159
239
208
205
255
219
238
245
239
258
245
266
245
254
236
255
257
238
251
257
261
251
250
222
257
251
252
262
227
250
230
249
263
232
222
208
240
255
232
247
220
245
227
220
235
238
237
241
244
241
228
237
250
271
236
209
231
235
205
215
208
193
221
230
255
174
198
224
215
211
194
218
227
202
206
233
239
209
221
228
212
233
256
262
248
265
281
259
235
265
253
242
229
222
226
198
224
198
217
201
190
196
193
193
205
183
185
169
195
200
187
173
196
176
181
158
197
200
215
214
188
204
204
193
199
180
191
202
191
178
170
170
169
159
140
133
145
143
149
160
140
125
124
137
122
138
129
92
115
116
119
107
116
119
116
98
118
121
86
96
110
111
80
101
82
91
91
82
78
92
74
88
102
94
88
91
74
61
77
70
80
72
89
68
72
84
78
79
84
73
67
60
73
89
80
96
69
60
66
68
86
71
70
75
59
84
101
78
73
74
78
72
69
77
94
76
73
71
79
76
86
80
85
69
72
87
80
98
102
95
90
100
89
109
114
109
93
99
88
73
90
89
82
79
83
90
94
71
78
75
97
79
74
77
84
70
92
88
81
96
76
93
88
85
83
74
71
80
76
80
81
77
73
72
63
80
92
71
73
73
61
67
66
61
61
75
64
59
91
71
82
64
70
64
85
70
67
79
69
73
70
64
70
74
68
64
73
68
73
60
54
68
70
63
64
56
65
52
57
63
63
67
57
64
60
48
53
50
51
43
39
42
40
38
45
36
48
27
38
43
30
29
49
42
45
28
22
29
30
34
35
39
32
23
22
35
23
31
28
31
18
27
28
20
28
25
27
30
24
27
22
16
30
29
19
25
21
22
20
19
18
20
17
20
17
27
22
20
12
13
18
23
19
18
20
15
13
22
24
19
18
22
17
21
16
31
17
26
25
16
16
12
20
27
21
25
20
28
23
18
18
33
35
25
23
26
31
30
31
27
43
36
46
67
73
70
94
96
117
142
175
174
186
254
268
282
364
303
358
345
419
424
434
420
407
469
483
460
492
527
533
589
590
628
650
624
653
726
814
753
779
783
816
755
756
700
639
655
587
527
494
480
371
390
327
265
230
190
172
146
131
107
91
87
55
59
42
53
31
39
24
28
18
22
18
12
11
17
21
15
11
8
14
11
13
11
7
3
9
4
14
5
4
4
2
3
11
13
7
8
10
7
11
10
9
2
12
10
13
6
9
9
9
9
18
12
14
11
10
7
11
12
15
9
9
11
13
13
10
11
15
13
10
11
10
10
10
6
8
19
8
5
13
9
11
8
8
16
11
8
12
12
7
7
5
8
7
7
4
6
7
7
10
8
12
4
3
11
5
9
13
5
6
2
10
9
1
12
5
8
5
9
3
3
4
7
8
6
5
4
10
7
8
5
8
5
9
1
3
2
4
7
6
5
9
8
6
4
7
4
7
7
11
14
8
5
6
4
8
11
10
7
14
11
9
13
11
8
7
16
9
13
13
13
10
18
16
20
23
22
14
14
22
23
21
16
19
21
25
18
11
14
10
16
11
16
13
8
6
2
13
7
7
11
12
10
9
10
4
6
7
5
6
2
4
6
5
11
5
1
10
4
11
5
7
6
10
11
9
9
10
6
7
11
12
9
14
8
10
14
10
12
9
9
11
14
4
12
11
12
13
10
16
10
19
12
6
12
11
10
7
11
18
16
17
10
12
13
14
15
15
11
10
21
18
16
19
14
11
12
16
17
18
17
13
12
21
7
21
12
18
21
15
19
20
11
24
20
17
16
22
17
17
14
24
20
26
28
15
24
21
18
23
29
12
18
23
21
24
16
31
17
22
22
29
25
22
23
23
16
21
22
22
30
30
32
24
25
28
18
25
37
33
36
26
38
31
36
32
36
52
39
41
42
24
35
46
33
33
30
42
39
57
27
40
45
29
38
45
38
31
36
29
23
26
15
25
30
26
27
25
14
22
18
20
16
25
21
21
22
14
24
18
22
20
26
22
12
17
17
23
22
27
25
22
26
26
24
18
30
16
32
32
21
19
21
20
30
22
25
22
24
29
28
29
31
22
18
20
24
24
22
28
17
33
21
10
18
20
14
29
18
18
25
24
23
23
20
19
21
23
19
23
24
27
22
22
26
23
28
18
19
23
18
27
36
28
26
21
25
29
31
27
32
34
24
30
31
29
32
30
31
23
30
24
26
31
26
36
27
28
33
30
27
33
21
25
30
26
22
29
21
25
18
25
28
25
30
30
36
24
27
29
37
26
32
37
21
29
40
39
34
31
44
30
34
34
29
30
29
29
46
33
32
38
32
22
26
30
31
31
27
33
28
34
16
32
22
21
19
23
25
26
16
15
28
13
16
25
19
23
16
20
23
20
25
15
23
19
19
22
22
27
32
15
15
20
33
30
20
18
25
33
17
25
27
27
19
26
28
21
29
22
30
24
24
20
22
20
25
14
20
18
24
14
11
20
18
14
14
20
16
6
21
13
6
11
8
8
9
4
9
8
4
10
15
7
7
10
11
9
9
6
10
19
11
11
16
12
12
13
11
10
13
11
14
16
10
15
10
15
12
11
21
12
13
19
9
17
14
16
12
9
6
13
13
12
13
11
8
15
15
6
6
10
8
14
8
17
10
15
14
20
7
14
15
12
12
19
10
11
13
18
5
9
13
9
14
10
10
10
13
7
9
11
8
8
14
11
13
12
13
15
18
8
5
13
9
10
11
11
10
11
13
15
14
18
11
16
18
20
15
16
20
25
23
26
30
28
28
26
33
30
35
34
42
40
35
57
45
58
49
52
59
55
49
63
47
42
47
48
47
48
58
38
42
33
39
32
29
35
35
33
37
26
26
28
20
13
31
15
20
20
12
21
18
14
15
14
8
14
7
4
8
9
6
7
5
3
9
6
2
4
6
1
3
6
3
1
4
4
3
4
1
3
2
0
0
2
1
1
1
3
0
3
1
1
0
2
2
0
0
0
0
0
2
1
0
1
0
0
1
0
1
0
0
1
0
2
0
0
0
0
0
0
0
1
0
0
1
0
0
0
0
0
0
1
0
0
1
0
0
1
0
0
0
0
0
0
0
0
0
0
0
0
0
1
0
0
0
0
0
0
0
0
0
0
0
0
0
0
0
0
0
0
1
0
0
0
0
0
0
1
0
0
0
0
0
0
0
0
0
0
0
0
0
0
0
0
0
0
1
0
0
1
0
1
0
0
0
0
0
0
0
0
0
0
0
0
0
0
1
1
0
0
0
1
0
0
0
0
0
0
1
0
0
0
1
0
0
0
0
0
0
0
0
0
0
2
0
0
0
0
0
0
0
0
0
0
0
0
0
0
0
0
0
0
0
0
0
0
1
0
0
<<END_SPECTRUM>>
<<Data_Status>>
<<END_Status>>
<<Data_Diagonostic>>
<<END_Diagnostic>>